0
0
18090
0
0
54455
99505
50830
99750
131590
114325
300020
273205
202035
201140
252455
301860
450795
408090
504325
834925
409090
515920
502805
583870
644875
628930
690660
750975
852230
1317405
1065330
1124440
1605700
1410215
1493600
1331100
1464935
1317465
1318815
1402815
1338675
1425130
1441365
1442100
1504160
1521305
1630510
1793545
1928240
2086905
1920840
1969980
3302635
2266590
2103775
2227480
2511750
2474295
2714965
2421205
2903985
3030260
3082480
2989350
4099705
4226915
4118760
4612270
4020930
4401370
4066285
4093730
4573155
4316530
4143940
4665155
5380565
4465550
4503315
4451500
4337860
4306570
4267430
4560290
4323120
4199550
4623185
4405250
4585800
4697770
4539325
4959835
5358575
4619230
5021115
5183865
5987045
5905490
8173375
