98930
100050
0
97550
0
0
0
107470
0
97840
0
91410
112650
0
96570
0
0
0
96440
98070
0
91430
107800
0
104260
0
0
110220
99680
0
0
22050
0
99430
98820
100750
95530
0
0
0
0
0
91190
0
100950
90160
0
90930
99890
99860
90040
91030
0
0
0
107290
90080
101730
100930
0
109380
99080
86460
108040
91350
90960
99890
101940
101120
90070
98630
90600
101200
99960
90780
100630
88890
199800
99900
104410
98720
200620
100090
99800
91830
101600
108770
273430
93800
100570
99380
101550
188390
126800
209850
90540
260930
197730
103450
192510
