96741871
96687218
96498187
96345556
93752724
92597735
91415717
90322015
89655392
89617517
88736957
88712399
87204624
86561967
84793163
84388625
82492089
80441053
79046116
76862538
74651103
72801238
72643532
71040561
67632739
66920864
65384499
64830045
63989961
63848708
59581062
59368739
57299824
55903038
55683541
55158910
54619090
53270771
53008198
51891592
49713711
47800360
47444195
47260249
45674847
44319897
42348576
41980632
40058434
40037848
39232237
38628146
38592526
36662070
36083732
34899274
33859652
32705845
32678250
32098189
31922836
31259917
31095086
29578944
29306606
28660672
26246037
24248643
24079328
23468668
23119912
21006070
20430322
20155587
19054860
17630191
14196764
13961719
11284261
10331793
9819783
8371892
8305436
7360181
6042956
5863090
5698764
4870031
4732044
4597302
3590397
3538598
3246336
3053849
2991253
2896216
2606016
2595733
2584149
2580449
2324107
2046274
1872066
1764255
1757164
1711161
1238693
1080552
1000925
858170
849705
799669
268470
73423
83540177
0.03125
0 31250
