32678250
47149592
73423
45787858
12636083
5863090
2991253
32098189
3910355
29306606
92597735
42135403
52082216
95001301
31259917
45296945
11284261
10331793
79046116
4870031
24248643
55316459
1426016
21669015
36662070
2595733
8305436
6042956
19253585
6555672
20424057
10250179
21006070
58277764
799669
26246037
11750678
38716259
15618664
8386523
27839040
18837389
84583849
20430322
9539435
11953407
78671404
8371892
63428920
17630191
33992994
36083732
29578944
26403435
2854907
5698764
13997946
39232237
37815362
31095086
23969617
41980632
14322203
35123726
31922836
4597302
2606016
53270771
38592526
63848708
50466342
43856125
32100326
23468668
34590865
22763234
15477297
54619090
57299824
36808730
40058434
19887594
34899274
87358530
27957198
2185278
52327962
44388876
47444195
74651103
20155587
37624922
3246336
8245746
14196764
37643571
2012502
23146105
3449826
582237
2184494
13302283
2928654
16214691
1865765
9861965
524697
367082
8393767
20690550
20128659
675700
12630322
33636899
2549869
55592320
283929
49347366
8804681
18992162
5676615
28926860
7613615
34595084
3367949
1227442
24046260
61377971
6447609
18057424
11214938
31390272
5498376
9141078
5129475
32305958
575444
36539756
7582662
2008312
13880204
20959705
1699082
1748072
21335023
4402251
47707948
11927539
27286104
13349050
21940324
7322480
37764827
3865441
11385419
16668569
2453850
12436933
1489616
9895324
19060357
5691593
1302120
14802179
26688844
11210883
5955514
50960861
356967
49385138
4710201
4425264
5406678
1875680
5446983
11110530
16199468
7936988
1109788
54664930
431775
27317096
22957615
6096886
5284406
13297978
17970124
27161223
1694083
19756036
6320109
28254656
4171251
4723654
30513834
22467369
932991
8500669
83540177
0
0 0
